zhehaopalettes <- list(
  aaaaa = list(
    clrs = c('#A63247', '#F2BF91', '#A66C4B', '#BFA18F', '#586B73', '#6A7371', '#262F40'), 
    bg = '#F2F0F2', 
    cl_blind = NULL),
  'alsterpark1' = c('#11261A', '#3B4018', '#8C793E', '#BF9649', '#734D2C'),
  'copenhagen1' = c('#011C26', '#03738C', '#F2D479', '#F29F05', '#F2F0F0', '#F27405', '#BF2604', '#590202'),
  'copenhagen1alt' = c('#03738C', '#F2D479', '#F29F05', '#F27405', '#BF2604', '#590202'),
  'copenhagen2' = c('#BDE3F2', '#F2EFEB', '#F2784B', '#592525', '#BFA75E', '#0E2608'),
  copenhagen3 = list(
    clrs = c('#CEE4F2', '#348E8C', '#025373', '#F2D6BD', '#732C02', '#BF0404', '#C16326', '#F29F05'),
    bg = '#CEE4F2',
    cl_blind = NULL
  ),
#   'copenhagen3' = c('#CEE4F2', '#348E8C', '#025373', '#F2D6BD', '#732C02', '#BF0404', '#C16326', '#F29F05'),
  'elphi' = c('#466C8C', '#BBF2F2', '#DFF2F2', '#F2D1B3', '#BF634E', '#8C3D35', '#2A131B'),
  'elbfaehre' = c('#DCE8F2', '#024873', '#F2BF27', '#F27405', '#F2B749', '#BF4904', '#011F26'),
  'hamburg-sunshine' = c('#F2EDEB', '#CEE8F2', '#F2B66D', '#BF4904', '#D96704', '#8C1C03', '#025928', '#09080D'),
  'porco' = c('#8191A6', '#A3AFBF', '#D9CFCC', '#1A261C', '#4B5918', '#7C8C04', '#732937', '#D93D04', '#BF9B7A')
)
